{
 "cells": [
  {
   "cell_type": "code",
   "execution_count": 1,
   "metadata": {},
   "outputs": [],
   "source": [
    "import networkx as nx, math, sys, numpy as np, pylcs"
   ]
  },
  {
   "cell_type": "code",
   "execution_count": 2,
   "metadata": {},
   "outputs": [],
   "source": [
    "sys.setrecursionlimit(1000000)"
   ]
  },
  {
   "cell_type": "code",
   "execution_count": 3,
   "metadata": {},
   "outputs": [],
   "source": [
    "g1o = nx.read_graphml('/home/exouser/results/amg_res/msg_size_512/n_procs_32/n_iters_20/ndp_0.0_0.2_0.8/run_000/event_graph.graphml')\n",
    "g2o = nx.read_graphml('/home/exouser/results/amg_res/msg_size_512/n_procs_32/n_iters_20/ndp_0.0_0.2_0.8/run_001/event_graph.graphml')"
   ]
  },
  {
   "cell_type": "code",
   "execution_count": 4,
   "metadata": {},
   "outputs": [
    {
     "data": {
      "text/plain": [
       "397056"
      ]
     },
     "execution_count": 4,
     "metadata": {},
     "output_type": "execute_result"
    }
   ],
   "source": [
    "len(g1o.nodes)"
   ]
  },
  {
   "cell_type": "code",
   "execution_count": 5,
   "metadata": {},
   "outputs": [],
   "source": [
    "# Hyperparameters\n",
    "rev = False\n",
    "norm_sens_high = False\n",
    "skip_thresh = False\n",
    "lcs = False\n",
    "num_proc = 32"
   ]
  },
  {
   "cell_type": "code",
   "execution_count": 6,
   "metadata": {},
   "outputs": [],
   "source": [
    "#Reverse Toggle\n",
    "g1 = g1o\n",
    "g2 = g2o\n",
    "if rev:\n",
    "    g1 = nx.reverse(g1)\n",
    "    g2 = nx.reverse(g2)"
   ]
  },
  {
   "cell_type": "code",
   "execution_count": 7,
   "metadata": {},
   "outputs": [],
   "source": [
    "d1 = dict(g1.nodes(data=True))\n",
    "d2 = dict(g2.nodes(data=True))"
   ]
  },
  {
   "cell_type": "code",
   "execution_count": 8,
   "metadata": {},
   "outputs": [],
   "source": [
    "proc_dict_1 = {i: [] for i in range(num_proc)}\n",
    "proc_dict_2 = {i: [] for i in range(num_proc)}"
   ]
  },
  {
   "cell_type": "code",
   "execution_count": 9,
   "metadata": {},
   "outputs": [],
   "source": [
    "for i in d1:\n",
    "    proc_dict_1[int(d1[i]['process_id'])].append((i, d1[i]))\n",
    "for i in d2:\n",
    "    proc_dict_2[int(d2[i]['process_id'])].append((i, d2[i]))   "
   ]
  },
  {
   "cell_type": "code",
   "execution_count": 10,
   "metadata": {},
   "outputs": [],
   "source": [
    "# MPI Dict\n",
    "mpi_dict = {\"MPI_Init\": 'I', 'MPI_Barrier': 'B', 'MPI_Waitall': 'W', 'MPI_Isend':'S', 'MPI_Finalize':'F', 'MPI_Send':'s', 'MPI_Irecv':'R', 'MPI_Recv':'r', 'MPI_Wait':'w'}"
   ]
  },
  {
   "cell_type": "code",
   "execution_count": 11,
   "metadata": {},
   "outputs": [],
   "source": [
    "# MPI Sequence\n",
    "mpi_seq_1 = {i: \"\" for i in range(num_proc)}\n",
    "mpi_seq_2 = {i: \"\" for i in range(num_proc)}\n",
    "for i in proc_dict_1:\n",
    "    for j in proc_dict_1[i]:\n",
    "        mpi_seq_1[i] += mpi_dict[j[1]['mpi_function']]\n",
    "for i in proc_dict_2:\n",
    "    for j in proc_dict_2[i]:\n",
    "        mpi_seq_2[i] += mpi_dict[j[1]['mpi_function']]"
   ]
  },
  {
   "cell_type": "code",
   "execution_count": 13,
   "metadata": {},
   "outputs": [],
   "source": [
    "config_perms = {i: [] for i in range(num_proc)}     #Maps Run 1 to Run 2\n",
    "lcs_list = []\n",
    "if lcs:\n",
    "    for i in proc_dict_1:\n",
    "        lcs_list.append(pylcs.lcs_of_list(mpi_seq_1[i], [mpi_seq_2[i] for i in mpi_seq_2]))\n",
    "for i in proc_dict_1:\n",
    "    for j in proc_dict_2:\n",
    "        if len(proc_dict_1[i]) != len(proc_dict_2[j]):    #Number of nodes threshold\n",
    "            continue\n",
    "        if lcs:\n",
    "            if lcs_list[i][j] != min(lcs_list[i]):\n",
    "                continue\n",
    "            config_perms[i].append(j)\n",
    "            continue\n",
    "        if mpi_seq_1[i] != mpi_seq_2[j]:\n",
    "            continue\n",
    "        config_perms[i].append(j)"
   ]
  },
  {
   "cell_type": "code",
   "execution_count": 14,
   "metadata": {},
   "outputs": [
    {
     "data": {
      "text/plain": [
       "{0: [0,\n",
       "  1,\n",
       "  2,\n",
       "  3,\n",
       "  4,\n",
       "  5,\n",
       "  6,\n",
       "  7,\n",
       "  8,\n",
       "  9,\n",
       "  10,\n",
       "  11,\n",
       "  12,\n",
       "  13,\n",
       "  14,\n",
       "  15,\n",
       "  16,\n",
       "  17,\n",
       "  18,\n",
       "  19,\n",
       "  20,\n",
       "  21,\n",
       "  22,\n",
       "  23,\n",
       "  24,\n",
       "  25,\n",
       "  26,\n",
       "  27,\n",
       "  28,\n",
       "  29,\n",
       "  30,\n",
       "  31],\n",
       " 1: [0,\n",
       "  1,\n",
       "  2,\n",
       "  3,\n",
       "  4,\n",
       "  5,\n",
       "  6,\n",
       "  7,\n",
       "  8,\n",
       "  9,\n",
       "  10,\n",
       "  11,\n",
       "  12,\n",
       "  13,\n",
       "  14,\n",
       "  15,\n",
       "  16,\n",
       "  17,\n",
       "  18,\n",
       "  19,\n",
       "  20,\n",
       "  21,\n",
       "  22,\n",
       "  23,\n",
       "  24,\n",
       "  25,\n",
       "  26,\n",
       "  27,\n",
       "  28,\n",
       "  29,\n",
       "  30,\n",
       "  31],\n",
       " 2: [0,\n",
       "  1,\n",
       "  2,\n",
       "  3,\n",
       "  4,\n",
       "  5,\n",
       "  6,\n",
       "  7,\n",
       "  8,\n",
       "  9,\n",
       "  10,\n",
       "  11,\n",
       "  12,\n",
       "  13,\n",
       "  14,\n",
       "  15,\n",
       "  16,\n",
       "  17,\n",
       "  18,\n",
       "  19,\n",
       "  20,\n",
       "  21,\n",
       "  22,\n",
       "  23,\n",
       "  24,\n",
       "  25,\n",
       "  26,\n",
       "  27,\n",
       "  28,\n",
       "  29,\n",
       "  30,\n",
       "  31],\n",
       " 3: [0,\n",
       "  1,\n",
       "  2,\n",
       "  3,\n",
       "  4,\n",
       "  5,\n",
       "  6,\n",
       "  7,\n",
       "  8,\n",
       "  9,\n",
       "  10,\n",
       "  11,\n",
       "  12,\n",
       "  13,\n",
       "  14,\n",
       "  15,\n",
       "  16,\n",
       "  17,\n",
       "  18,\n",
       "  19,\n",
       "  20,\n",
       "  21,\n",
       "  22,\n",
       "  23,\n",
       "  24,\n",
       "  25,\n",
       "  26,\n",
       "  27,\n",
       "  28,\n",
       "  29,\n",
       "  30,\n",
       "  31],\n",
       " 4: [0,\n",
       "  1,\n",
       "  2,\n",
       "  3,\n",
       "  4,\n",
       "  5,\n",
       "  6,\n",
       "  7,\n",
       "  8,\n",
       "  9,\n",
       "  10,\n",
       "  11,\n",
       "  12,\n",
       "  13,\n",
       "  14,\n",
       "  15,\n",
       "  16,\n",
       "  17,\n",
       "  18,\n",
       "  19,\n",
       "  20,\n",
       "  21,\n",
       "  22,\n",
       "  23,\n",
       "  24,\n",
       "  25,\n",
       "  26,\n",
       "  27,\n",
       "  28,\n",
       "  29,\n",
       "  30,\n",
       "  31],\n",
       " 5: [0,\n",
       "  1,\n",
       "  2,\n",
       "  3,\n",
       "  4,\n",
       "  5,\n",
       "  6,\n",
       "  7,\n",
       "  8,\n",
       "  9,\n",
       "  10,\n",
       "  11,\n",
       "  12,\n",
       "  13,\n",
       "  14,\n",
       "  15,\n",
       "  16,\n",
       "  17,\n",
       "  18,\n",
       "  19,\n",
       "  20,\n",
       "  21,\n",
       "  22,\n",
       "  23,\n",
       "  24,\n",
       "  25,\n",
       "  26,\n",
       "  27,\n",
       "  28,\n",
       "  29,\n",
       "  30,\n",
       "  31],\n",
       " 6: [0,\n",
       "  1,\n",
       "  2,\n",
       "  3,\n",
       "  4,\n",
       "  5,\n",
       "  6,\n",
       "  7,\n",
       "  8,\n",
       "  9,\n",
       "  10,\n",
       "  11,\n",
       "  12,\n",
       "  13,\n",
       "  14,\n",
       "  15,\n",
       "  16,\n",
       "  17,\n",
       "  18,\n",
       "  19,\n",
       "  20,\n",
       "  21,\n",
       "  22,\n",
       "  23,\n",
       "  24,\n",
       "  25,\n",
       "  26,\n",
       "  27,\n",
       "  28,\n",
       "  29,\n",
       "  30,\n",
       "  31],\n",
       " 7: [0,\n",
       "  1,\n",
       "  2,\n",
       "  3,\n",
       "  4,\n",
       "  5,\n",
       "  6,\n",
       "  7,\n",
       "  8,\n",
       "  9,\n",
       "  10,\n",
       "  11,\n",
       "  12,\n",
       "  13,\n",
       "  14,\n",
       "  15,\n",
       "  16,\n",
       "  17,\n",
       "  18,\n",
       "  19,\n",
       "  20,\n",
       "  21,\n",
       "  22,\n",
       "  23,\n",
       "  24,\n",
       "  25,\n",
       "  26,\n",
       "  27,\n",
       "  28,\n",
       "  29,\n",
       "  30,\n",
       "  31],\n",
       " 8: [0,\n",
       "  1,\n",
       "  2,\n",
       "  3,\n",
       "  4,\n",
       "  5,\n",
       "  6,\n",
       "  7,\n",
       "  8,\n",
       "  9,\n",
       "  10,\n",
       "  11,\n",
       "  12,\n",
       "  13,\n",
       "  14,\n",
       "  15,\n",
       "  16,\n",
       "  17,\n",
       "  18,\n",
       "  19,\n",
       "  20,\n",
       "  21,\n",
       "  22,\n",
       "  23,\n",
       "  24,\n",
       "  25,\n",
       "  26,\n",
       "  27,\n",
       "  28,\n",
       "  29,\n",
       "  30,\n",
       "  31],\n",
       " 9: [0,\n",
       "  1,\n",
       "  2,\n",
       "  3,\n",
       "  4,\n",
       "  5,\n",
       "  6,\n",
       "  7,\n",
       "  8,\n",
       "  9,\n",
       "  10,\n",
       "  11,\n",
       "  12,\n",
       "  13,\n",
       "  14,\n",
       "  15,\n",
       "  16,\n",
       "  17,\n",
       "  18,\n",
       "  19,\n",
       "  20,\n",
       "  21,\n",
       "  22,\n",
       "  23,\n",
       "  24,\n",
       "  25,\n",
       "  26,\n",
       "  27,\n",
       "  28,\n",
       "  29,\n",
       "  30,\n",
       "  31],\n",
       " 10: [0,\n",
       "  1,\n",
       "  2,\n",
       "  3,\n",
       "  4,\n",
       "  5,\n",
       "  6,\n",
       "  7,\n",
       "  8,\n",
       "  9,\n",
       "  10,\n",
       "  11,\n",
       "  12,\n",
       "  13,\n",
       "  14,\n",
       "  15,\n",
       "  16,\n",
       "  17,\n",
       "  18,\n",
       "  19,\n",
       "  20,\n",
       "  21,\n",
       "  22,\n",
       "  23,\n",
       "  24,\n",
       "  25,\n",
       "  26,\n",
       "  27,\n",
       "  28,\n",
       "  29,\n",
       "  30,\n",
       "  31],\n",
       " 11: [0,\n",
       "  1,\n",
       "  2,\n",
       "  3,\n",
       "  4,\n",
       "  5,\n",
       "  6,\n",
       "  7,\n",
       "  8,\n",
       "  9,\n",
       "  10,\n",
       "  11,\n",
       "  12,\n",
       "  13,\n",
       "  14,\n",
       "  15,\n",
       "  16,\n",
       "  17,\n",
       "  18,\n",
       "  19,\n",
       "  20,\n",
       "  21,\n",
       "  22,\n",
       "  23,\n",
       "  24,\n",
       "  25,\n",
       "  26,\n",
       "  27,\n",
       "  28,\n",
       "  29,\n",
       "  30,\n",
       "  31],\n",
       " 12: [0,\n",
       "  1,\n",
       "  2,\n",
       "  3,\n",
       "  4,\n",
       "  5,\n",
       "  6,\n",
       "  7,\n",
       "  8,\n",
       "  9,\n",
       "  10,\n",
       "  11,\n",
       "  12,\n",
       "  13,\n",
       "  14,\n",
       "  15,\n",
       "  16,\n",
       "  17,\n",
       "  18,\n",
       "  19,\n",
       "  20,\n",
       "  21,\n",
       "  22,\n",
       "  23,\n",
       "  24,\n",
       "  25,\n",
       "  26,\n",
       "  27,\n",
       "  28,\n",
       "  29,\n",
       "  30,\n",
       "  31],\n",
       " 13: [0,\n",
       "  1,\n",
       "  2,\n",
       "  3,\n",
       "  4,\n",
       "  5,\n",
       "  6,\n",
       "  7,\n",
       "  8,\n",
       "  9,\n",
       "  10,\n",
       "  11,\n",
       "  12,\n",
       "  13,\n",
       "  14,\n",
       "  15,\n",
       "  16,\n",
       "  17,\n",
       "  18,\n",
       "  19,\n",
       "  20,\n",
       "  21,\n",
       "  22,\n",
       "  23,\n",
       "  24,\n",
       "  25,\n",
       "  26,\n",
       "  27,\n",
       "  28,\n",
       "  29,\n",
       "  30,\n",
       "  31],\n",
       " 14: [0,\n",
       "  1,\n",
       "  2,\n",
       "  3,\n",
       "  4,\n",
       "  5,\n",
       "  6,\n",
       "  7,\n",
       "  8,\n",
       "  9,\n",
       "  10,\n",
       "  11,\n",
       "  12,\n",
       "  13,\n",
       "  14,\n",
       "  15,\n",
       "  16,\n",
       "  17,\n",
       "  18,\n",
       "  19,\n",
       "  20,\n",
       "  21,\n",
       "  22,\n",
       "  23,\n",
       "  24,\n",
       "  25,\n",
       "  26,\n",
       "  27,\n",
       "  28,\n",
       "  29,\n",
       "  30,\n",
       "  31],\n",
       " 15: [0,\n",
       "  1,\n",
       "  2,\n",
       "  3,\n",
       "  4,\n",
       "  5,\n",
       "  6,\n",
       "  7,\n",
       "  8,\n",
       "  9,\n",
       "  10,\n",
       "  11,\n",
       "  12,\n",
       "  13,\n",
       "  14,\n",
       "  15,\n",
       "  16,\n",
       "  17,\n",
       "  18,\n",
       "  19,\n",
       "  20,\n",
       "  21,\n",
       "  22,\n",
       "  23,\n",
       "  24,\n",
       "  25,\n",
       "  26,\n",
       "  27,\n",
       "  28,\n",
       "  29,\n",
       "  30,\n",
       "  31],\n",
       " 16: [0,\n",
       "  1,\n",
       "  2,\n",
       "  3,\n",
       "  4,\n",
       "  5,\n",
       "  6,\n",
       "  7,\n",
       "  8,\n",
       "  9,\n",
       "  10,\n",
       "  11,\n",
       "  12,\n",
       "  13,\n",
       "  14,\n",
       "  15,\n",
       "  16,\n",
       "  17,\n",
       "  18,\n",
       "  19,\n",
       "  20,\n",
       "  21,\n",
       "  22,\n",
       "  23,\n",
       "  24,\n",
       "  25,\n",
       "  26,\n",
       "  27,\n",
       "  28,\n",
       "  29,\n",
       "  30,\n",
       "  31],\n",
       " 17: [0,\n",
       "  1,\n",
       "  2,\n",
       "  3,\n",
       "  4,\n",
       "  5,\n",
       "  6,\n",
       "  7,\n",
       "  8,\n",
       "  9,\n",
       "  10,\n",
       "  11,\n",
       "  12,\n",
       "  13,\n",
       "  14,\n",
       "  15,\n",
       "  16,\n",
       "  17,\n",
       "  18,\n",
       "  19,\n",
       "  20,\n",
       "  21,\n",
       "  22,\n",
       "  23,\n",
       "  24,\n",
       "  25,\n",
       "  26,\n",
       "  27,\n",
       "  28,\n",
       "  29,\n",
       "  30,\n",
       "  31],\n",
       " 18: [0,\n",
       "  1,\n",
       "  2,\n",
       "  3,\n",
       "  4,\n",
       "  5,\n",
       "  6,\n",
       "  7,\n",
       "  8,\n",
       "  9,\n",
       "  10,\n",
       "  11,\n",
       "  12,\n",
       "  13,\n",
       "  14,\n",
       "  15,\n",
       "  16,\n",
       "  17,\n",
       "  18,\n",
       "  19,\n",
       "  20,\n",
       "  21,\n",
       "  22,\n",
       "  23,\n",
       "  24,\n",
       "  25,\n",
       "  26,\n",
       "  27,\n",
       "  28,\n",
       "  29,\n",
       "  30,\n",
       "  31],\n",
       " 19: [0,\n",
       "  1,\n",
       "  2,\n",
       "  3,\n",
       "  4,\n",
       "  5,\n",
       "  6,\n",
       "  7,\n",
       "  8,\n",
       "  9,\n",
       "  10,\n",
       "  11,\n",
       "  12,\n",
       "  13,\n",
       "  14,\n",
       "  15,\n",
       "  16,\n",
       "  17,\n",
       "  18,\n",
       "  19,\n",
       "  20,\n",
       "  21,\n",
       "  22,\n",
       "  23,\n",
       "  24,\n",
       "  25,\n",
       "  26,\n",
       "  27,\n",
       "  28,\n",
       "  29,\n",
       "  30,\n",
       "  31],\n",
       " 20: [0,\n",
       "  1,\n",
       "  2,\n",
       "  3,\n",
       "  4,\n",
       "  5,\n",
       "  6,\n",
       "  7,\n",
       "  8,\n",
       "  9,\n",
       "  10,\n",
       "  11,\n",
       "  12,\n",
       "  13,\n",
       "  14,\n",
       "  15,\n",
       "  16,\n",
       "  17,\n",
       "  18,\n",
       "  19,\n",
       "  20,\n",
       "  21,\n",
       "  22,\n",
       "  23,\n",
       "  24,\n",
       "  25,\n",
       "  26,\n",
       "  27,\n",
       "  28,\n",
       "  29,\n",
       "  30,\n",
       "  31],\n",
       " 21: [0,\n",
       "  1,\n",
       "  2,\n",
       "  3,\n",
       "  4,\n",
       "  5,\n",
       "  6,\n",
       "  7,\n",
       "  8,\n",
       "  9,\n",
       "  10,\n",
       "  11,\n",
       "  12,\n",
       "  13,\n",
       "  14,\n",
       "  15,\n",
       "  16,\n",
       "  17,\n",
       "  18,\n",
       "  19,\n",
       "  20,\n",
       "  21,\n",
       "  22,\n",
       "  23,\n",
       "  24,\n",
       "  25,\n",
       "  26,\n",
       "  27,\n",
       "  28,\n",
       "  29,\n",
       "  30,\n",
       "  31],\n",
       " 22: [0,\n",
       "  1,\n",
       "  2,\n",
       "  3,\n",
       "  4,\n",
       "  5,\n",
       "  6,\n",
       "  7,\n",
       "  8,\n",
       "  9,\n",
       "  10,\n",
       "  11,\n",
       "  12,\n",
       "  13,\n",
       "  14,\n",
       "  15,\n",
       "  16,\n",
       "  17,\n",
       "  18,\n",
       "  19,\n",
       "  20,\n",
       "  21,\n",
       "  22,\n",
       "  23,\n",
       "  24,\n",
       "  25,\n",
       "  26,\n",
       "  27,\n",
       "  28,\n",
       "  29,\n",
       "  30,\n",
       "  31],\n",
       " 23: [0,\n",
       "  1,\n",
       "  2,\n",
       "  3,\n",
       "  4,\n",
       "  5,\n",
       "  6,\n",
       "  7,\n",
       "  8,\n",
       "  9,\n",
       "  10,\n",
       "  11,\n",
       "  12,\n",
       "  13,\n",
       "  14,\n",
       "  15,\n",
       "  16,\n",
       "  17,\n",
       "  18,\n",
       "  19,\n",
       "  20,\n",
       "  21,\n",
       "  22,\n",
       "  23,\n",
       "  24,\n",
       "  25,\n",
       "  26,\n",
       "  27,\n",
       "  28,\n",
       "  29,\n",
       "  30,\n",
       "  31],\n",
       " 24: [0,\n",
       "  1,\n",
       "  2,\n",
       "  3,\n",
       "  4,\n",
       "  5,\n",
       "  6,\n",
       "  7,\n",
       "  8,\n",
       "  9,\n",
       "  10,\n",
       "  11,\n",
       "  12,\n",
       "  13,\n",
       "  14,\n",
       "  15,\n",
       "  16,\n",
       "  17,\n",
       "  18,\n",
       "  19,\n",
       "  20,\n",
       "  21,\n",
       "  22,\n",
       "  23,\n",
       "  24,\n",
       "  25,\n",
       "  26,\n",
       "  27,\n",
       "  28,\n",
       "  29,\n",
       "  30,\n",
       "  31],\n",
       " 25: [0,\n",
       "  1,\n",
       "  2,\n",
       "  3,\n",
       "  4,\n",
       "  5,\n",
       "  6,\n",
       "  7,\n",
       "  8,\n",
       "  9,\n",
       "  10,\n",
       "  11,\n",
       "  12,\n",
       "  13,\n",
       "  14,\n",
       "  15,\n",
       "  16,\n",
       "  17,\n",
       "  18,\n",
       "  19,\n",
       "  20,\n",
       "  21,\n",
       "  22,\n",
       "  23,\n",
       "  24,\n",
       "  25,\n",
       "  26,\n",
       "  27,\n",
       "  28,\n",
       "  29,\n",
       "  30,\n",
       "  31],\n",
       " 26: [0,\n",
       "  1,\n",
       "  2,\n",
       "  3,\n",
       "  4,\n",
       "  5,\n",
       "  6,\n",
       "  7,\n",
       "  8,\n",
       "  9,\n",
       "  10,\n",
       "  11,\n",
       "  12,\n",
       "  13,\n",
       "  14,\n",
       "  15,\n",
       "  16,\n",
       "  17,\n",
       "  18,\n",
       "  19,\n",
       "  20,\n",
       "  21,\n",
       "  22,\n",
       "  23,\n",
       "  24,\n",
       "  25,\n",
       "  26,\n",
       "  27,\n",
       "  28,\n",
       "  29,\n",
       "  30,\n",
       "  31],\n",
       " 27: [0,\n",
       "  1,\n",
       "  2,\n",
       "  3,\n",
       "  4,\n",
       "  5,\n",
       "  6,\n",
       "  7,\n",
       "  8,\n",
       "  9,\n",
       "  10,\n",
       "  11,\n",
       "  12,\n",
       "  13,\n",
       "  14,\n",
       "  15,\n",
       "  16,\n",
       "  17,\n",
       "  18,\n",
       "  19,\n",
       "  20,\n",
       "  21,\n",
       "  22,\n",
       "  23,\n",
       "  24,\n",
       "  25,\n",
       "  26,\n",
       "  27,\n",
       "  28,\n",
       "  29,\n",
       "  30,\n",
       "  31],\n",
       " 28: [0,\n",
       "  1,\n",
       "  2,\n",
       "  3,\n",
       "  4,\n",
       "  5,\n",
       "  6,\n",
       "  7,\n",
       "  8,\n",
       "  9,\n",
       "  10,\n",
       "  11,\n",
       "  12,\n",
       "  13,\n",
       "  14,\n",
       "  15,\n",
       "  16,\n",
       "  17,\n",
       "  18,\n",
       "  19,\n",
       "  20,\n",
       "  21,\n",
       "  22,\n",
       "  23,\n",
       "  24,\n",
       "  25,\n",
       "  26,\n",
       "  27,\n",
       "  28,\n",
       "  29,\n",
       "  30,\n",
       "  31],\n",
       " 29: [0,\n",
       "  1,\n",
       "  2,\n",
       "  3,\n",
       "  4,\n",
       "  5,\n",
       "  6,\n",
       "  7,\n",
       "  8,\n",
       "  9,\n",
       "  10,\n",
       "  11,\n",
       "  12,\n",
       "  13,\n",
       "  14,\n",
       "  15,\n",
       "  16,\n",
       "  17,\n",
       "  18,\n",
       "  19,\n",
       "  20,\n",
       "  21,\n",
       "  22,\n",
       "  23,\n",
       "  24,\n",
       "  25,\n",
       "  26,\n",
       "  27,\n",
       "  28,\n",
       "  29,\n",
       "  30,\n",
       "  31],\n",
       " 30: [0,\n",
       "  1,\n",
       "  2,\n",
       "  3,\n",
       "  4,\n",
       "  5,\n",
       "  6,\n",
       "  7,\n",
       "  8,\n",
       "  9,\n",
       "  10,\n",
       "  11,\n",
       "  12,\n",
       "  13,\n",
       "  14,\n",
       "  15,\n",
       "  16,\n",
       "  17,\n",
       "  18,\n",
       "  19,\n",
       "  20,\n",
       "  21,\n",
       "  22,\n",
       "  23,\n",
       "  24,\n",
       "  25,\n",
       "  26,\n",
       "  27,\n",
       "  28,\n",
       "  29,\n",
       "  30,\n",
       "  31],\n",
       " 31: [0,\n",
       "  1,\n",
       "  2,\n",
       "  3,\n",
       "  4,\n",
       "  5,\n",
       "  6,\n",
       "  7,\n",
       "  8,\n",
       "  9,\n",
       "  10,\n",
       "  11,\n",
       "  12,\n",
       "  13,\n",
       "  14,\n",
       "  15,\n",
       "  16,\n",
       "  17,\n",
       "  18,\n",
       "  19,\n",
       "  20,\n",
       "  21,\n",
       "  22,\n",
       "  23,\n",
       "  24,\n",
       "  25,\n",
       "  26,\n",
       "  27,\n",
       "  28,\n",
       "  29,\n",
       "  30,\n",
       "  31]}"
      ]
     },
     "execution_count": 14,
     "metadata": {},
     "output_type": "execute_result"
    }
   ],
   "source": [
    "config_perms"
   ]
  },
  {
   "cell_type": "code",
   "execution_count": 15,
   "metadata": {},
   "outputs": [],
   "source": [
    "scores_1 = {i:-1 for i in d1}\n",
    "scores_2 = {i:-1 for i in d2}"
   ]
  },
  {
   "cell_type": "code",
   "execution_count": 16,
   "metadata": {},
   "outputs": [],
   "source": [
    "MAX_TOPOL = max([d1[proc_dict_1[i][-1][0]]['logical_time'] for i in proc_dict_1])"
   ]
  },
  {
   "cell_type": "code",
   "execution_count": 17,
   "metadata": {},
   "outputs": [],
   "source": [
    "def get_tree_struc_score(G, N, topol_map, scores):\n",
    "    if scores[N] != -1:\n",
    "        return\n",
    "    #Reverse Toggle\n",
    "    lvl = 0\n",
    "    if rev:\n",
    "        lvl = MAX_TOPOL-int(topol_map[N]['logical_time'])+1\n",
    "    else:\n",
    "        lvl = int(topol_map[N]['logical_time'])+1\n",
    "    score = lvl**4 + lvl**3\n",
    "    if norm_sens_high:\n",
    "        score = math.log(np.float128(score))\n",
    "    for neighbor in G[N]:\n",
    "        get_tree_struc_score(G, neighbor, topol_map, scores)\n",
    "        score += np.float128(scores[neighbor])\n",
    "    if not norm_sens_high:\n",
    "        scores[N] = math.log(score)\n",
    "    else:\n",
    "        scores[N] = score"
   ]
  },
  {
   "cell_type": "code",
   "execution_count": 18,
   "metadata": {},
   "outputs": [],
   "source": [
    "#Reverse Toggle\n",
    "for i in proc_dict_1:\n",
    "    if rev:\n",
    "        get_tree_struc_score(g1, proc_dict_1[i][-1][0], d1, scores_1)\n",
    "    else:\n",
    "        get_tree_struc_score(g1, proc_dict_1[i][0][0], d1, scores_1)\n",
    "for i in proc_dict_2:\n",
    "    if rev:\n",
    "        get_tree_struc_score(g2, proc_dict_2[i][-1][0], d2, scores_2)\n",
    "    else:\n",
    "        get_tree_struc_score(g2, proc_dict_2[i][0][0], d2, scores_2)"
   ]
  },
  {
   "cell_type": "code",
   "execution_count": 19,
   "metadata": {},
   "outputs": [],
   "source": [
    "for i in proc_dict_1:\n",
    "    for j in proc_dict_1[i]:\n",
    "        j[1]['score'] = scores_1[j[0]]\n",
    "for i in proc_dict_2:\n",
    "    for j in proc_dict_2[i]:\n",
    "        j[1]['score'] = scores_2[j[0]]"
   ]
  },
  {
   "cell_type": "code",
   "execution_count": 20,
   "metadata": {},
   "outputs": [
    {
     "name": "stdout",
     "output_type": "stream",
     "text": [
      "[0.0, 0.0007512260717864781, 0.0020158119499559856, 0.003774386301587096, 0.005490086783070639, 0.007129234112152523, 0.008692717888088747, 0.01018586058436056, 0.011614287147994605, 0.01298319292152987, 0.014297240121885933, 0.015560588586416206, 0.01677695265511564, 0.01794965796404356, 0.019081692005297007, 0.020175747655153634, 0.021234260287544594, 0.022259439381096664, 0.023253295494238487, 0.024217663366503883, 0.025154221779920688, 0.026064510703685186, 0.02694994615254105, 0.027811833113310817, 0.028651376832273378, 0.029469692705993342, 0.030267814977556883, 0.03104670440698838, 0.03180725505752656, 0.03255030031716178, 0.033276618256463844, 0.03398693640850604]\n",
      "[0.0007512260717864781, 0.0, 0.0018036931414494998, 0.0035382332626125255, 0.005236938835405079, 0.006866128453533957, 0.008423318063332573, 0.009912168434225632, 0.011337486702351513, 0.012704034909051438, 0.0140162282676629, 0.01527807669208568, 0.016493198638790094, 0.017664855696215672, 0.018795990988436966, 0.01988926569651185, 0.02094709195012561, 0.021971661791445444, 0.0229649724393667, 0.023928848250727854, 0.024864959802263695, 0.025774840490195648, 0.026659900999643608, 0.02752144194852964, 0.028360664966224622, 0.029178682427933988, 0.029976526032098296, 0.030755154379431743, 0.03151545968814113, 0.032258273759636184, 0.03298437329207646, 0.03369448462486241]\n",
      "[0.0020158119499559856, 0.0018036931414494998, 0.0, 0.0018019988627606903, 0.0035127487500708093, 0.005148657398353353, 0.0067101254765624535, 0.00820194110865256, 0.00962943994615389, 0.010997663385931052, 0.012311187700929992, 0.013574122008569037, 0.014790149136083057, 0.015962574237905376, 0.017094370967391772, 0.018188222533632947, 0.019246557360911014, 0.020271579806217712, 0.021265296571021945, 0.022229539434709348, 0.023165984869134047, 0.024076171013608816, 0.02496151241408764, 0.025823312864325616, 0.02666277663103319, 0.02748101829863041, 0.028279071430871276, 0.029057896214917348, 0.02981838622732172, 0.030561374439762454, 0.03128763856443612, 0.03199790582410658]\n",
      "[0.003774386301587096, 0.0035382332626125255, 0.0018019988627606903, 0.0, 0.0017235335734971287, 0.0033615081624068536, 0.004924224378278841, 0.006416870331329906, 0.007844960508898744, 0.009213626954514754, 0.010527496284581217, 0.011790707629068363, 0.013006962746758737, 0.014179579295383509, 0.015311539506217763, 0.016405532664320526, 0.017463991616337552, 0.018489124014216644, 0.019482939064777587, 0.02044727048659761, 0.021383796276297082, 0.022294055788985214, 0.02317946455226332, 0.024041327161461002, 0.024880848544529224, 0.025699143836440536, 0.02649724706323494, 0.02727611880326414, 0.02803665296647666, 0.028779682810563763, 0.0295059862945842, 0.030216290855578195]\n",
      "[0.005490086783070639, 0.005236938835405079, 0.0035127487500708093, 0.0017235335734971287, 0.0, 0.0016411651132057247, 0.003204320134921228, 0.004697243784608132, 0.00612552408885761, 0.007494328554285854, 0.008808302688649608, 0.010071596481643129, 0.011287918328083416, 0.012460590148601541, 0.013592597028934249, 0.014686630233388094, 0.015745124022347182, 0.016770287083661017, 0.017764129400181003, 0.018728485283201445, 0.019665033189837908, 0.020575312838427, 0.02146074004697492, 0.022322619645830457, 0.023162156755237476, 0.023980466669075207, 0.02477858354589545, 0.02555746807547061, 0.02631801426215102, 0.027061055444172834, 0.027787369649763007, 0.028497684375717793]\n",
      "[0.007129234112152523, 0.006866128453533957, 0.005148657398353353, 0.0033615081624068536, 0.0016411651132057247, 0.0, 0.0015641238495018132, 0.003057160696999044, 0.0044855153653633115, 0.0058543720411966356, 0.007168384760127089, 0.008431708246498205, 0.009648053700308102, 0.010820744795330487, 0.011952767762828803, 0.013046814644250157, 0.014105320244342148, 0.015130493642902434, 0.01612434511180627, 0.017088709179968634, 0.018025264471400914, 0.018935550834535464, 0.0198209841902721, 0.020682869451405756, 0.02152241180502284, 0.02234072659977414, 0.02313884803952856, 0.023917736851886067, 0.024678287073030103, 0.02542133206818591, 0.02614764988862098, 0.026857968050927116]\n",
      "[0.008692717888088747, 0.008423318063332573, 0.0067101254765624535, 0.004924224378278841, 0.003204320134921228, 0.0015641238495018132, 0.0, 0.0014933777571902458, 0.002921766543695826, 0.004290646385197986, 0.00560467576432047, 0.006868011793131849, 0.00808436704614756, 0.009257066034030497, 0.01038909552204408, 0.011483147906159848, 0.012541658234612505, 0.013566835759384426, 0.014560690877242067, 0.015525058209720917, 0.016461616450876303, 0.01737190550303645, 0.018257341329217264, 0.01911922887558336, 0.019958773355992727, 0.02077709014081834, 0.021575213451736276, 0.02235410403108203, 0.02311465592733815, 0.023857702516077127, 0.024584021857335565, 0.025294341475187488]\n",
      "[0.01018586058436056, 0.009912168434225632, 0.00820194110865256, 0.006416870331329906, 0.004697243784608132, 0.003057160696999044, 0.0014933777571902458, 0.0, 0.0014285233254629267, 0.002797414829685602, 0.004111452377974246, 0.0053747944299155255, 0.0065911543144661034, 0.007763856990578632, 0.008895889503162313, 0.009989944429968008, 0.011048456941635885, 0.012073636375121726, 0.013067493187763195, 0.01403186204528503, 0.014968421674645554, 0.015878712003119792, 0.016764149012945775, 0.01762603766531506, 0.0184655831859871, 0.019283900954872875, 0.020082025201375028, 0.02086091667414987, 0.021621469426897737, 0.022364516839534377, 0.023090836975739562, 0.02380115736266522]\n",
      "[0.011614287147994605, 0.011337486702351513, 0.00962943994615389, 0.007844960508898744, 0.00612552408885761, 0.0044855153653633115, 0.002921766543695826, 0.0014285233254629267, 0.0, 0.0013689497037249166, 0.002682991680643665, 0.003946336935231445, 0.005162699249053112, 0.006335403843633459, 0.007467437924188585, 0.008561494170550453, 0.009620007820745008, 0.010645188257614032, 0.011639045970595705, 0.012603415648407551, 0.013539976034822227, 0.014450267069638643, 0.015335704744576422, 0.01619759402811097, 0.017037140151671237, 0.01785545849963362, 0.018653583304956024, 0.01943247531915339, 0.02019302859824529, 0.020936076524044958, 0.02166239716179665, 0.02237271803995146]\n",
      "[0.01298319292152987, 0.012704034909051438, 0.010997663385931052, 0.009213626954514754, 0.007494328554285854, 0.0058543720411966356, 0.004290646385197986, 0.002797414829685602, 0.0013689497037249166, 0.0, 0.0013140691183622295, 0.002577416216240972, 0.0037937799121407476, 0.00496648559271417, 0.006098520561810601, 0.0071925775608023025, 0.00825109186752001, 0.009276272891357459, 0.01027013113994176, 0.01123450131474089, 0.012171062168646728, 0.013081353648095425, 0.01396679174971208, 0.014828681445646781, 0.01566822797011392, 0.01648654670962356, 0.017284671898783032, 0.01806356429039288, 0.018824117941481932, 0.019567166234660788, 0.02029348723580721, 0.021003808473878175]\n",
      "[0.014297240121885933, 0.0140162282676629, 0.012311187700929992, 0.010527496284581217, 0.008808302688649608, 0.007168384760127089, 0.00560467576432047, 0.004111452377974246, 0.002682991680643665, 0.0013140691183622295, 0.0, 0.0012633605753330612, 0.0024797251062616244, 0.003652431441418296, 0.004784466948891418, 0.005878524409268366, 0.006937039125203505, 0.007962220522275031, 0.008956079118927157, 0.009920449624009908, 0.01085701079554137, 0.01176730258356861, 0.012652740987289546, 0.013514630980703555, 0.014354177799362372, 0.015172496830746604, 0.015970622310168194, 0.016749514990937808, 0.017510068930451005, 0.018253117511578702, 0.018979438800379726, 0.0196897603259328]\n",
      "[0.015560588586416206, 0.01527807669208568, 0.013574122008569037, 0.011790707629068363, 0.010071596481643129, 0.008431708246498205, 0.006868011793131849, 0.0053747944299155255, 0.003946336935231445, 0.002577416216240972, 0.0012633605753330612, 0.0, 0.0012163715899724925, 0.0023890783361324736, 0.0035211141845646514, 0.004615171941979503, 0.005673686927162433, 0.0066988685759327956, 0.0076927274133739565, 0.008657098152707791, 0.009593659554861638, 0.010503951571828556, 0.011389390204106807, 0.012251280426557057, 0.013090827475290305, 0.013909146738136789, 0.014707272450611823, 0.015486165366127055, 0.01624671954210749, 0.016989768361403784, 0.01771608989002035, 0.018426411656958557]\n",
      "[0.01677695265511564, 0.016493198638790094, 0.014790149136083057, 0.013006962746758737, 0.011287918328083416, 0.009648053700308102, 0.00808436704614756, 0.0065911543144661034, 0.005162699249053112, 0.0037937799121407476, 0.0024797251062616244, 0.0012163715899724925, 0.0, 0.0011727106176148382, 0.0023047466863174606, 0.0033988046397390665, 0.004457319807480849, 0.005482501632001813, 0.0064763606425200055, 0.007440731554843215, 0.008377293131505502, 0.00928758532547659, 0.010173024137820483, 0.011034914543693231, 0.011874461779322653, 0.012692781232537961, 0.013490907138776424, 0.014269800251322308, 0.015030354627442736, 0.01577340364981297, 0.01649972538425337, 0.017210047359578658]\n",
      "[0.01794965796404356, 0.017664855696215672, 0.015962574237905376, 0.014179579295383509, 0.012460590148601541, 0.010820744795330487, 0.009257066034030497, 0.007763856990578632, 0.006335403843633459, 0.00496648559271417, 0.003652431441418296, 0.0023890783361324736, 0.0011727106176148382, 0.0, 0.0011320382792924545, 0.0022260963616747165, 0.0032846116537893766, 0.004309793602454592, 0.005303652739449603, 0.006268023782057119, 0.007204585493615404, 0.008114877827478972, 0.009000316784832905, 0.009862207340788845, 0.010701754731427655, 0.011520074344369956, 0.01231820041480948, 0.013097093695769533, 0.013857648244250384, 0.01460069744266206, 0.015327019356566057, 0.016037341514527702]\n",
      "[0.019081692005297007, 0.018795990988436966, 0.017094370967391772, 0.015311539506217763, 0.013592597028934249, 0.011952767762828803, 0.01038909552204408, 0.008895889503162313, 0.007467437924188585, 0.006098520561810601, 0.004784466948891418, 0.0035211141845646514, 0.0023047466863174606, 0.0011320382792924545, 0.0, 0.0010940593906287354, 0.002152574765279866, 0.0031777568004549787, 0.004171616029468817, 0.005135987170359926, 0.0060725489867561305, 0.006982841432020727, 0.007868280507179786, 0.0087301711870883, 0.009569718707516774, 0.010388038455749536, 0.011186164666635658, 0.011965058092856376, 0.012725612791079309, 0.01346866214339523, 0.014194984215062052, 0.014905306534358216]\n",
      "[0.020175747655153634, 0.01988926569651185, 0.018188222533632947, 0.016405532664320526, 0.014686630233388094, 0.013046814644250157, 0.011483147906159848, 0.009989944429968008, 0.008561494170550453, 0.0071925775608023025, 0.005878524409268366, 0.004615171941979503, 0.0033988046397390665, 0.0022260963616747165, 0.0010940593906287354, 0.0, 0.0010585161742521657, 0.002083698266890115, 0.003077557560963733, 0.004041928774787469, 0.004978490671937583, 0.005888783205539142, 0.006774222376276991, 0.007636113158612552, 0.008475660787901497, 0.009293980651010893, 0.010092106982381431, 0.01087100053430162, 0.01163155536306553, 0.012374604850411324, 0.01310092706126582, 0.013811249523597606]\n",
      "[0.021234260287544594, 0.02094709195012561, 0.019246557360911014, 0.017463991616337552, 0.015745124022347182, 0.014105320244342148, 0.012541658234612505, 0.011048456941635885, 0.009620007820745008, 0.00825109186752001, 0.006937039125203505, 0.005673686927162433, 0.004457319807480849, 0.0032846116537893766, 0.002152574765279866, 0.0010585161742521657, 0.0, 0.001025182595959803, 0.002019041933084292, 0.002983413198915723, 0.003919975156746979, 0.004830267759298257, 0.0057157070067913665, 0.006577597873203632, 0.007417145593407386, 0.008235465553799837, 0.00903359198837242, 0.00981248564898851, 0.010573040591542751, 0.01131609019739974, 0.012042412531137978, 0.012752735120401943]\n",
      "[0.022259439381096664, 0.021971661791445444, 0.020271579806217712, 0.018489124014216644, 0.016770287083661017, 0.015130493642902434, 0.013566835759384426, 0.012073636375121726, 0.010645188257614032, 0.009276272891357459, 0.007962220522275031, 0.0066988685759327956, 0.005482501632001813, 0.004309793602454592, 0.0031777568004549787, 0.002083698266890115, 0.001025182595959803, 0.0, 0.000993859662708504, 0.00195823096275711, 0.00289479296406602, 0.0038050856188360017, 0.004690524926742775, 0.005552415861218464, 0.0063919636566064355, 0.007210283698799395, 0.008008410221312778, 0.008787303975564027, 0.00954785901703182, 0.010290908726693915, 0.011017231168769698, 0.01172755387057065]\n",
      "[0.023253295494238487, 0.0229649724393667, 0.021265296571021945, 0.019482939064777587, 0.017764129400181003, 0.01612434511180627, 0.014560690877242067, 0.013067493187763195, 0.011639045970595705, 0.01027013113994176, 0.008956079118927157, 0.0076927274133739565, 0.0064763606425200055, 0.005303652739449603, 0.004171616029468817, 0.003077557560963733, 0.002019041933084292, 0.000993859662708504, 0.0, 0.0009643715161225833, 0.0019009335458713813, 0.002811226238153823, 0.003696665592042256, 0.0045585565803818945, 0.0053981044369563885, 0.006216424547130951, 0.007014551143927614, 0.0077934449783044, 0.008554000105313566, 0.009297049905537732, 0.010023372442830495, 0.01073369524416488]\n",
      "[0.024217663366503883, 0.023928848250727854, 0.022229539434709348, 0.02044727048659761, 0.018728485283201445, 0.017088709179968634, 0.015525058209720917, 0.01403186204528503, 0.012603415648407551, 0.01123450131474089, 0.009920449624009908, 0.008657098152707791, 0.007440731554843215, 0.006268023782057119, 0.005135987170359926, 0.004041928774787469, 0.002983413198915723, 0.00195823096275711, 0.0009643715161225833, 0.0, 0.0009365621766822588, 0.0018468548933821983, 0.0027322942803526848, 0.00359418530982351, 0.004433733214997889, 0.005252053380698373, 0.006050180039442275, 0.006829073941719763, 0.007589629142150161, 0.008332679020915928, 0.009059001641500936, 0.009769324530536605]\n",
      "[0.025154221779920688, 0.024864959802263695, 0.023165984869134047, 0.021383796276297082, 0.019665033189837908, 0.018025264471400914, 0.016461616450876303, 0.014968421674645554, 0.013539976034822227, 0.012171062168646728, 0.01085701079554137, 0.009593659554861638, 0.008377293131505502, 0.007204585493615404, 0.0060725489867561305, 0.004978490671937583, 0.003919975156746979, 0.00289479296406602, 0.0019009335458713813, 0.0009365621766822588, 0.0, 0.0009102928189858521, 0.0017957322274087487, 0.0026576232865013734, 0.003497171228872771, 0.00431549143879298, 0.0051136181482675696, 0.005892512107313681, 0.006653067370114005, 0.007396117316448041, 0.008122440009427844, 0.008832762975341621]\n",
